,index1,ScoreAttrition,Depart
0,0,0.7278552189497675,Yes
1,1,0.02156170580512507,No
2,2,0.1868876149977191,No
3,3,0.07500656317440732,No
4,4,0.034381503616822566,No
5,5,0.11664099492953486,No
6,6,0.07457309045382275,No
7,7,0.022548042954188545,No
8,8,0.334576063048731,Yes
9,9,0.10933213686000062,No
10,10,0.6550507401947345,Yes
11,11,0.4352198285992421,Yes
12,12,0.007288885551432468,No
13,13,0.01586723391017193,No
14,14,0.20030270104496783,No
15,15,0.023315363455479417,No
16,16,0.006713282438057587,No
17,17,0.15261382535968562,No
18,18,0.07325023741236099,No
19,19,0.3559800200032175,Yes
20,20,0.020167743759602254,No
21,21,0.05442483721235816,No
22,22,0.2691287875617237,Yes
23,23,0.522504238041219,Yes
24,24,0.1593772287375838,No
25,25,0.402410607290471,Yes
26,26,0.3065879890326695,Yes
27,27,0.12815387698185374,No
28,28,0.48425972987878246,Yes
29,29,0.0489795018595455,No
30,30,0.0085616232535359,No
31,31,0.7944304544564216,Yes
32,32,0.021396050350279354,No
33,33,0.14027299936162438,No
34,34,0.2736598873520831,Yes
35,35,0.01423461924785854,No
36,36,0.08036550780670736,No
37,37,0.387821426411981,Yes
38,38,0.025759210710554682,No
39,39,0.03402565186294315,No
40,40,0.10077793584739997,No
41,41,0.014323165521346612,No
42,42,0.04430014160713134,No
43,43,0.05831174212006096,No
44,44,0.001046425475074697,No
45,45,0.03706194837675942,No
46,46,0.20306541127415528,No
47,47,0.003739827859248359,No
48,48,0.03913637619619453,No
49,49,0.37826161981884016,Yes
50,50,0.010836187708935059,No
51,51,0.017684180227108076,No
52,52,0.017746897121718983,No
53,53,0.23623076020260025,No
54,54,0.41880435257263854,Yes
55,55,0.07760660708791815,No
56,56,0.0434444955261784,No
57,57,0.03352734792653946,No
58,58,0.027021145769646333,No
59,59,0.011313766426259229,No
60,60,0.2720527339667749,Yes
61,61,0.003166453023164171,No
62,62,0.0018326966055621256,No
63,63,0.013837710529525963,No
64,64,0.10605424585515108,No
65,65,0.001205443936223162,No
66,66,0.056599922168520486,No
67,67,0.05654991204089276,No
68,68,0.07661666506646869,No
69,69,0.2153618019303633,No
70,70,0.04162808325267441,No
71,71,0.008524910336642709,No
72,72,0.49715698325509955,Yes
73,73,0.18598787408751097,No
74,74,0.12931558600696097,No
75,75,0.1544211381121183,No
76,76,0.4773187626664113,Yes
77,77,0.1319800320155058,No
78,78,0.14027996883377908,No
79,79,0.12277581181119454,No
80,80,0.4856791196153073,Yes
81,81,0.004093844062845357,No
82,82,0.09723107621313087,No
83,83,0.06089222535762951,No
84,84,0.09946402819482814,No
85,85,0.056245389086346666,No
86,86,0.12333610544306678,No
87,87,0.005638255505256126,No
88,88,0.03767216424146256,No
89,89,0.7282329518272964,Yes
90,90,0.46612741708643474,Yes
91,91,0.011624795822542498,No
92,92,0.03046991494589502,No
93,93,0.06198744316116495,No
94,94,0.0059884908406071065,No
95,95,0.2739585165674066,Yes
96,96,0.17685656627620436,No
97,97,0.029773048237661786,No
98,98,0.08030247824257152,No
99,99,0.15720985115460967,No
100,100,0.17067060705296624,No
101,101,0.6798081594114612,Yes
102,102,0.06446582381572466,No
103,103,0.023246274445242958,No
104,104,0.006457166698048655,No
105,105,0.3092493367742093,Yes
106,106,0.013649249087869325,No
107,107,0.01801103305889062,No
108,108,0.025563400083754573,No
109,109,0.001228569232094454,No
110,110,0.01503332860756814,No
111,111,0.4021084845067168,Yes
112,112,0.09044601777350252,No
113,113,0.16985349269906605,No
114,114,0.008330598309159833,No
115,115,0.34345913866334915,Yes
116,116,0.07819827422217418,No
117,117,0.15144300982605954,No
118,118,0.28859025628546275,Yes
119,119,0.03501104854253605,No
120,120,0.019863575286124042,No
121,121,0.23971872140046518,No
122,122,0.023136391977934108,No
123,123,0.007424389235225599,No
124,124,0.063942928118014,No
125,125,0.1557462747700445,No
126,126,0.05764051410346897,No
127,127,0.2806195875942075,Yes
128,128,0.09366377091103645,No
129,129,0.341934486257891,Yes
130,130,0.01634059001052467,No
131,131,0.006170632485077579,No
132,132,0.10056459110981619,No
133,133,0.04436165560537539,No
134,134,0.14359576140885524,No
135,135,0.047364899464509336,No
136,136,0.0320979854707575,No
137,137,0.03944770325172801,No
138,138,0.15139321845595718,No
139,139,0.13478892045376795,No
140,140,0.02625559188955286,No
141,141,0.03689086283163525,No
142,142,0.034267033514664764,No
143,143,0.04360269624404056,No
144,144,0.03299227717209517,No
145,145,0.6758041769315962,Yes
146,146,0.19889597095546332,No
147,147,0.027291880840107193,No
148,148,0.03364128711505564,No
149,149,0.632603747922728,Yes
150,150,0.01580227361692356,No
151,151,0.06253091503271033,No
152,152,0.49094649021724224,Yes
153,153,0.14905515250300996,No
154,154,0.04718835876308194,No
155,155,0.2813700504305707,Yes
156,156,0.0029727612708222912,No
157,157,0.35789223890944677,Yes
158,158,0.05856670079489168,No
159,159,0.02325268951276216,No
160,160,0.07369514119024452,No
161,161,0.08493069493460918,No
162,162,0.08580348506205344,No
163,163,0.12580196654351775,No
164,164,0.019805780042803884,No
165,165,0.08660211860913662,No
166,166,0.016941066552351322,No
167,167,0.07904643237088009,No
168,168,0.08933497474527861,No
169,169,0.04544871510207467,No
170,170,0.15002739044448496,No
171,171,0.03660398072643444,No
172,172,0.07223346550780661,No
173,173,0.047374068367120985,No
174,174,0.3547896942614999,Yes
175,175,0.02572634630271307,No
176,176,0.005469029151568275,No
177,177,0.28899482313379693,Yes
178,178,0.2099479222967278,No
179,179,0.8740843475957247,Yes
180,180,0.24854243461183045,No
181,181,0.01510150908947116,No
182,182,0.004975327576446776,No
183,183,0.1299958179529318,No
184,184,0.200561077985455,No
185,185,0.44013217423031065,Yes
186,186,0.01298775711445797,No
187,187,0.44526231340101285,Yes
188,188,0.0457860902760358,No
189,189,0.18024249078561438,No
190,190,0.2990539517234293,Yes
191,191,0.19138433825241355,No
192,192,0.02537182111902062,No
193,193,0.17104209650062127,No
194,194,0.33368347811485183,Yes
195,195,0.17166693482505632,No
196,196,0.0792759811596729,No
197,197,0.06317195165328332,No
198,198,0.03504504478848036,No
199,199,0.0056771181691187035,No
200,200,0.23019602000769876,No
201,201,0.00657843547708689,No
202,202,0.011533198684073416,No
203,203,0.18014661996429576,No
204,204,0.087508856984107,No
205,205,0.15249685364258486,No
206,206,0.43222611434676217,Yes
207,207,0.02881285814183651,No
208,208,0.003623124728206782,No
209,209,0.006941157058489127,No
210,210,0.08076565080186884,No
211,211,0.00963087769572458,No
212,212,0.12812484989450482,No
213,213,0.15261211861257465,No
214,214,0.054073029621820465,No
215,215,0.1578007849100552,No
216,216,0.06793662069919436,No
217,217,0.18296289752121833,No
218,218,0.3158622365033263,Yes
219,219,0.23924770778162052,No
220,220,0.0009291292982881384,No
221,221,0.06762630286540591,No
222,222,0.15583005770749836,No
223,223,0.044398480723141856,No
224,224,0.007059902070464173,No
225,225,0.07540651846054355,No
226,226,0.2925379720528859,Yes
227,227,0.014049789798230723,No
228,228,0.08689180505231409,No
229,229,0.027308315851827292,No
230,230,0.02904766695322695,No
231,231,0.013677115399856195,No
232,232,0.012075900674404307,No
233,233,0.030012965919021424,No
234,234,0.05080527493090096,No
235,235,0.15458075648035285,No
236,236,0.030667637836715573,No
237,237,0.006858221375517795,No
238,238,0.10091051987412064,No
239,239,0.18598208413112388,No
240,240,0.2123774987213279,No
241,241,0.18246886288980857,No
242,242,0.24506418758656706,No
243,243,0.07226317751448616,No
244,244,0.3419582087534055,Yes
245,245,0.04622379872537495,No
246,246,0.17601882196596652,No
247,247,0.12099649510375862,No
248,248,0.06999877536395833,No
249,249,0.0027952218454759072,No
250,250,0.5601916633408822,Yes
251,251,0.04372627483827287,No
252,252,0.014905026896821697,No
253,253,0.12313060506309834,No
254,254,0.035262863066960096,No
255,255,0.0023380975916531595,No
256,256,0.1755055094480825,No
257,257,0.16146140439687506,No
258,258,0.050686783455141826,No
259,259,0.012949347970610618,No
260,260,0.4362755364276771,Yes
261,261,0.2107407296670059,No
262,262,0.6518865192984149,Yes
263,263,0.47217527080309224,Yes
264,264,0.1611885284318207,No
265,265,0.5642503078566795,Yes
266,266,0.05417588284255174,No
267,267,0.18481355903150162,No
268,268,0.019580974411153165,No
269,269,0.04150060461604473,No
270,270,0.10751482844210716,No
271,271,0.3033404932464205,Yes
272,272,0.19076214540794492,No
273,273,0.4537949539776143,Yes
274,274,0.2403297752282145,No
275,275,0.006139477025038587,No
276,276,0.3474657048719224,Yes
277,277,0.1807177077131243,No
278,278,0.07761160934402087,No
279,279,0.04027905884179705,No
280,280,0.06206060206207637,No
281,281,0.004687560975214585,No
282,282,0.01152817046631187,No
283,283,0.10200623202498665,No
284,284,0.004270143032733937,No
285,285,0.16793596834591035,No
286,286,0.09683155903913825,No
287,287,0.024005837534061398,No
288,288,0.0027140957000872583,No
289,289,0.008177150540797628,No
290,290,0.007555242805016354,No
291,291,0.0020655198614095323,No
292,292,0.014473487293858845,No
293,293,0.002334454838013653,No
294,294,0.44076879490384885,Yes
295,295,0.006796347904504879,No
296,296,0.0031569169234755006,No
297,297,0.05157995075300657,No
298,298,0.3981044576468839,Yes
299,299,0.006411791718094022,No
300,300,0.01592926212714947,No
301,301,0.3793310841979406,Yes
302,302,0.16528404318644135,No
303,303,0.013502925504314225,No
304,304,0.04813820695150311,No
305,305,0.32779502625454937,Yes
306,306,0.614015324219418,Yes
307,307,0.11464694380450395,No
308,308,0.03139969241051527,No
309,309,0.1702423083704526,No
310,310,0.0246628692297338,No
311,311,0.10336953705666961,No
312,312,0.017103773827593195,No
313,313,0.11690261416485716,No
314,314,0.017536680417583928,No
315,315,0.18697804696664944,No
316,316,0.5182789220957776,Yes
317,317,0.2515076330698037,No
318,318,0.22266960645344092,No
319,319,0.05336797398166511,No
320,320,0.07164301937213616,No
321,321,0.029586004277484618,No
322,322,0.020686867250043223,No
323,323,0.09806062019239362,No
324,324,0.03409647225854353,No
325,325,0.0033058279865251336,No
326,326,0.01985321145497682,No
327,327,0.19396230557750538,No
328,328,0.10705348299351233,No
329,329,0.3996757386179113,Yes
330,330,0.09428046488800144,No
331,331,0.33808637270713854,Yes
332,332,0.008030370723838151,No
333,333,0.04869543222580007,No
334,334,0.21755968961164168,No
335,335,0.0024929055767350518,No
336,336,0.036669259693659195,No
337,337,0.09046515989855196,No
338,338,0.09826222551407462,No
339,339,0.18255180287403194,No
340,340,0.1097067193796087,No
341,341,0.2628555115455222,Yes
342,342,0.0482106451767375,No
343,343,0.27277439958640093,Yes
344,344,0.0026500016125133824,No
345,345,0.01429315533964422,No
346,346,0.1349938967392543,No
347,347,0.2739951419261791,Yes
348,348,0.11989394588568436,No
349,349,0.08440107925031842,No
350,350,0.05041836272110752,No
351,351,0.7278971949656267,Yes
352,352,0.03073189397217336,No
353,353,0.9269215388960318,Yes
354,354,0.008941561534714697,No
355,355,0.1367377533756913,No
356,356,0.2216655533073349,No
357,357,0.014124860789014558,No
358,358,0.16821101732392924,No
359,359,0.1412921708046573,No
360,360,0.003811634842353187,No
361,361,0.07238990478946065,No
362,362,0.0021534802648609007,No
363,363,0.1177294510759992,No
364,364,0.02405683429202638,No
365,365,0.01799697938149881,No
366,366,0.11901914826332373,No
367,367,0.1588001619505023,No
368,368,0.5318553103987219,Yes
369,369,0.07417082730005381,No
